at time 0 std deviation: 106.82
at time 1:
0, 0
1, 0
2, 0
3, 0
4, 0
5, 0
6, 0
7, 0
8, 0
9, 0
10, 2
11, 3
12, 0
13, 0
14, 0
15, 0
16, 0
17, 1
18, 0
19, 0
20, 0
21, 0
22, 0
23, 0
24, 5
25, 0
26, 0
27, 0
28, 0
29, 4
30, 0
31, 0
32, 1
33, 0
34, 0
35, 3
36, 1
37, 0
38, 1
39, 0
40, 2
41, 1
42, 0
43, 5
44, 0
45, 0
46, 4
47, 0
48, 0
49, 1
50, 0
51, 0
52, 0
53, 0
54, 0
55, 6
56, 0
57, 0
58, 2
59, 0
60, 2
61, 0
62, 0
63, 0
64, 0
65, 0
66, 0
67, 2
68, 0
69, 0
70, 2
71, 0
72, 0
73, 0
74, 2
75, 0
76, 0
77, 0
78, 0
79, 0
80, 0
81, 0
82, 0
83, 0
84, 0
85, 0
86, 0
87, 0
88, 0
89, 0
90, 0
91, 0
92, 0
93, 0
94, 0
95, 0
96, 0
97, 0
98, 0
99, 0
100, 0
101, 0
102, 0
103, 0
104, 0
105, 0
106, 0
107, 0
108, 0
109, 0
110, 0
111, 0
112, 1
113, 0
114, 0
115, 2
116, 2
117, 0
118, 0
119, 0
120, 2
121, 0
122, 0
123, 0
124, 0
125, 0
126, 0
127, 0
128, 0
129, 0
130, 1
131, 0
132, 0
133, 0
134, 0
135, 0
136, 1
137, 1
138, 0
139, 0
140, 0
141, 0
142, 6
143, 2
144, 0
145, 1
146, 0
147, 0
148, 0
149, 0
150, 0
151, 2
152, 0
153, 1
154, 1
155, 0
156, 0
157, 0
158, 0
159, 2
160, 0
161, 0
162, 0
163, 0
164, 0
165, 0
166, 0
167, 0
168, 0
169, 0
170, 0
171, 0
172, 0
173, 0
174, 0
175, 0
176, 0
177, 0
178, 0
179, 0
180, 0
181, 0
182, 0
183, 0
184, 0
185, 0
186, 0
187, 0
188, 0
189, 0
190, 0
191, 0
192, 0
193, 0
194, 0
195, 0
196, 0
197, 0
198, 1
199, 1
200, 4
201, 6
202, 0
203, 0
204, 1
205, 0
206, 0
207, 0
208, 0
209, 4
210, 0
211, 0
212, 0
213, 0
214, 0
215, 0
216, 0
217, 3
218, 1
219, 0
220, 0
221, 0
222, 0
223, 0
224, 0
225, 0
226, 0
227, 0
228, 2
229, 0
230, 0
231, 0
232, 0
233, 0
234, 0
235, 3
236, 3
237, 0
238, 1
239, 4
240, 7
241, 0
242, 0
243, 0
244, 0
245, 0
246, 6
247, 0
248, 0
249, 0
250, 0
251, 0
252, 0
253, 0
254, 0
255, 0
256, 1
257, 2
258, 0
259, 0
260, 0
261, 0
262, 0
263, 0
264, 0
265, 0
266, 0
267, 0
268, 0
269, 0
270, 0
271, 0
272, 0
273, 0
274, 0
275, 0
276, 0
277, 0
278, 1
279, 1
280, 0
281, 0
282, 1
283, 8
284, 0
285, 0
286, 2
287, 11
288, 0
289, 0
290, 0
291, 5
292, 0
293, 0
294, 0
295, 0
296, 1
297, 1
298, 0
299, 0
300, 3
301, 0
302, 0
303, 2
304, 2
305, 7
306, 0
307, 0
308, 1
309, 0
310, 0
311, 0
312, 0
313, 0
314, 0
315, 0
316, 2
317, 0
318, 0
319, 0
320, 0
321, 0
322, 0
323, 0
324, 0
325, 0
326, 1
327, 0
328, 0
329, 0
330, 4
331, 1
332, 0
333, 0
334, 1
335, 1
336, 0
337, 0
338, 0
339, 2
340, 0
341, 0
342, 2
343, 0
344, 0
345, 5
346, 2
347, 0
348, 0
349, 0
350, 0
351, 1
352, 3
353, 4
354, 0
355, 0
356, 0
357, 0
358, 0
359, 0
at time 1 std deviation: 108.65
at time 2 std deviation: 112.95
at time 3 std deviation: 115.58
at time 4 std deviation: 119.16
at time 5 std deviation: 125.54
at time 6 std deviation: 127.56
at time 7 std deviation: 128.11
at time 8 std deviation: 132.00
at time 9 std deviation: 128.98
at time 10:
0, 0
1, 0
2, 0
3, 0
4, 0
5, 0
6, 0
7, 0
8, 0
9, 0
10, 2
11, 3
12, 0
13, 0
14, 0
15, 0
16, 0
17, 1
18, 1
19, 0
20, 0
21, 0
22, 0
23, 0
24, 7
25, 5
26, 11
27, 7
28, 0
29, 4
30, 3
31, 3
32, 1
33, 0
34, 0
35, 5
36, 16
37, 3
38, 3
39, 3
40, 2
41, 1
42, 0
43, 5
44, 0
45, 0
46, 4
47, 0
48, 0
49, 1
50, 0
51, 0
52, 0
53, 0
54, 7
55, 12
56, 0
57, 3
58, 2
59, 0
60, 2
61, 0
62, 0
63, 0
64, 0
65, 0
66, 0
67, 5
68, 15
69, 2
70, 2
71, 0
72, 0
73, 0
74, 4
75, 0
76, 0
77, 0
78, 0
79, 0
80, 0
81, 0
82, 0
83, 0
84, 0
85, 0
86, 0
87, 0
88, 0
89, 0
90, 0
91, 0
92, 0
93, 0
94, 0
95, 0
96, 0
97, 0
98, 0
99, 0
100, 0
101, 0
102, 0
103, 0
104, 0
105, 0
106, 0
107, 0
108, 0
109, 0
110, 0
111, 0
112, 1
113, 0
114, 0
115, 2
116, 2
117, 0
118, 0
119, 0
120, 2
121, 0
122, 0
123, 0
124, 0
125, 0
126, 0
127, 0
128, 0
129, 0
130, 1
131, 0
132, 0
133, 0
134, 0
135, 0
136, 1
137, 1
138, 0
139, 0
140, 0
141, 0
142, 6
143, 2
144, 0
145, 1
146, 0
147, 0
148, 0
149, 0
150, 0
151, 2
152, 0
153, 1
154, 1
155, 0
156, 0
157, 0
158, 0
159, 2
160, 5
161, 2
162, 0
163, 0
164, 0
165, 0
166, 0
167, 0
168, 0
169, 0
170, 0
171, 0
172, 0
173, 0
174, 0
175, 0
176, 0
177, 0
178, 0
179, 0
180, 0
181, 0
182, 0
183, 0
184, 0
185, 0
186, 0
187, 0
188, 0
189, 0
190, 0
191, 0
192, 0
193, 0
194, 0
195, 0
196, 0
197, 0
198, 1
199, 1
200, 4
201, 6
202, 0
203, 0
204, 1
205, 0
206, 0
207, 0
208, 0
209, 4
210, 0
211, 0
212, 0
213, 0
214, 0
215, 0
216, 0
217, 3
218, 1
219, 0
220, 0
221, 0
222, 0
223, 0
224, 0
225, 0
226, 0
227, 0
228, 2
229, 0
230, 0
231, 0
232, 0
233, 0
234, 0
235, 3
236, 3
237, 0
238, 1
239, 4
240, 7
241, 0
242, 0
243, 0
244, 0
245, 6
246, 15
247, 0
248, 0
249, 0
250, 0
251, 0
252, 0
253, 10
254, 4
255, 0
256, 1
257, 2
258, 0
259, 0
260, 0
261, 0
262, 0
263, 0
264, 0
265, 0
266, 0
267, 0
268, 0
269, 0
270, 0
271, 0
272, 0
273, 0
274, 0
275, 0
276, 0
277, 0
278, 1
279, 1
280, 0
281, 0
282, 1
283, 8
284, 0
285, 4
286, 15
287, 11
288, 0
289, 0
290, 0
291, 5
292, 0
293, 0
294, 0
295, 0
296, 1
297, 1
298, 0
299, 0
300, 3
301, 0
302, 0
303, 2
304, 2
305, 7
306, 0
307, 0
308, 1
309, 0
310, 0
311, 0
312, 0
313, 0
314, 0
315, 0
316, 2
317, 0
318, 0
319, 0
320, 0
321, 0
322, 0
323, 0
324, 3
325, 0
326, 1
327, 0
328, 1
329, 5
330, 4
331, 6
332, 19
333, 1
334, 1
335, 1
336, 6
337, 2
338, 0
339, 2
340, 0
341, 3
342, 2
343, 0
344, 0
345, 5
346, 2
347, 0
348, 0
349, 5
350, 2
351, 1
352, 3
353, 4
354, 0
355, 0
356, 0
357, 0
358, 0
359, 0
at time 10 std deviation: 129.64
at time 11 std deviation: 130.11
at time 12 std deviation: 134.90
at time 13 std deviation: 136.64
at time 14 std deviation: 137.67
at time 15 std deviation: 0.53
Location 79.93 in 16 turns
Actual location 80
